odlux.framework.buildno=188.1b12eac8(23/06/30)
odlux.apps.configurationApp.buildno=188.1b12eac8(23/06/30)
odlux.apps.connectApp.buildno=172.52348b7c(23/02/16)
odlux.apps.eventLogApp.buildno=172.52348b7c(23/02/16)
odlux.apps.faultApp.buildno=188.1b12eac8(23/06/30)
odlux.apps.helpApp.buildno=172.52348b7c(23/02/16)
odlux.apps.inventoryApp.buildno=178.3bd8a2a9(23/03/16)
odlux.apps.maintenanceApp.buildno=172.52348b7c(23/02/16)
odlux.apps.mediatorApp.buildno=172.52348b7c(23/02/16)
odlux.apps.permanceHistoryApp.buildno=81.1c38886(20/12/04)
