odlux.framework.buildno=172.52348b7c(23/02/16)
odlux.apps.configurationApp.buildno=172.52348b7c(23/02/16)
odlux.apps.connectApp.buildno=172.52348b7c(23/02/16)
odlux.apps.eventLogApp.buildno=172.52348b7c(23/02/16)
odlux.apps.faultApp.buildno=177.3f75df5a(23/03/06)
odlux.apps.helpApp.buildno=172.52348b7c(23/02/16)
odlux.apps.inventoryApp.buildno=178.3bd8a2a9(23/03/16)
odlux.apps.maintenanceApp.buildno=172.52348b7c(23/02/16)
odlux.apps.mediatorApp.buildno=172.52348b7c(23/02/16)
odlux.apps.permanceHistoryApp.buildno=81.1c38886(20/12/04)
